100
93,80
56,20
79,79
91,68
30,62
62,46
83,82
92,75
90,51
50,85
18,82
58,23
61,69
93,38
92,46
37,89
32,94
60,21
92,95
63,41
21,11
65,88
35,38
89,13
64,81
41,79
60,23
10,11
98,93
81,21
94,56
20,40
89,27
68,36
75,73
27,55
64,77
16,89
66,89
28,56
33,15
27,99
96,33
54,60
56,25
20,63
21,56
25,79
27,86
12,94
23,29
47,49
21,48
34,57
72,29
91,40
66,37
76,90
39,33
59,44
19,58
76,86
16,72
92,83
17,63
71,67
75,46
10,32
23,51
22,43
11,29
62,99
28,54
64,73
60,79
39,15
52,27
82,58
86,24
19,70
34,22
51,54
73,38
41,69
47,62
36,69
16,13
64,76
67,15
57,68
19,12
20,77
87,65
69,24
97,10
12,61
14,62
26,78
32,50
97,88
