100
478628752 -251398257
631585388 484579091
835737742 818252049
876232445 -244791327
990045995 -781325684
499689266 678599877
214448008 815046184
550733711 943494202
249934359 -506426459
405715713 -109033010
319205771 -747808483
625764422 750646450
575062976 122298581
401320603 -633359196
162675084 -68214345
512371346 -203731721
197517613 566606273
351287552 462175010
537038687 -369846777
768972327 223243986
819314646 -203587586
129008735 691700515
233568137 427531089
123325754 -530868043
744081123 772672614
857143565 -135844713
935970694 405187038
747130074 -639535619
410354241 -513014228
718795542 197120572
872384335 -16952595
706174593 493743783
798211387 -501797413
171253049 -487616884
910982129 -110454521
955956093 112302439
722056792 330476479
337631768 -493359407
46162949 839620666
374424732 -571072034
394729413 -44289371
823245480 -5537935
199714222 -575406196
124836396 640204837
997567067 -414423524
169839289 553168392
309490248 368552394
166000032 220703040
665885514 773657861
808527851 -339985613
770494285 -835632804
629592085 784103578
779293309 467749211
208724659 -636396158
320176402 139065990
948875916 170823558
52404106 747657060
981901402 -359349050
653421600 650055191
850031639 224944370
394102482 -124521646
230570036 804810573
951141973 -119856454
31546401 95232079
968949304 29947725
22318673 910144190
502205126 -29685477
231664632 -898488773
106172200 425683247
144968275 -576104146
671207971 -731290368
479846289 936567256
227263362 632400363
852985934 936008217
553060599 449274675
160820833 473681966
290057302 -495308036
51692839 298729151
853585522 516095613
311277719 258119081
901287335 494297322
142801215 -726795578
724162682 926963631
754047552 597345557
202441211 880045997
319003043 274270319
960969734 598026284
29201269 799527123
894938729 397477572
327139491 -329902617
169225869 971029982
46684894 -761750600
140335289 924110764
509579864 869671604
134572513 171045824
928981556 -47268293
674575210 -549804539
688879186 -962129385
74380813 319409226
355296076 -134716821
