1000
972543688 504140530
305673487 -558506079
73914662 179511393
944882085 843008682
702251255 756234954
236989971 648946037
596614782 898906263
925464229 -742695946
990121734 -791754690
718097564 715948100
553495297 -51187510
620512050 838946324
598999775 -988176512
233837786 -694137455
778181402 161881692
383365292 941583327
593218195 146194136
960384822 533499127
686425151 930363027
210731279 -674748359
550999471 49445066
44871191 -616672577
892426653 -129697872
943149319 -78378369
795100311 783796140
100925538 -726118665
382777403 123798600
359977528 679830395
913066843 551125003
596805572 -729522543
858713323 -887260564
305754458 -662067916
128996789 -313298336
506897130 163075919
92388306 -276063206
698872517 362314253
908470868 -830257396
741281539 552291984
927220411 210099615
983914819 981573207
836661000 752233263
425032629 389339766
457247693 -283605698
725837962 73607200
343317197 22899021
563056440 -838150952
48345077 802336361
965966426 -458247671
579166033 -340922389
230257741 -126082467
31508190 423656146
272548298 -809213599
867750087 -642748822
169704719 -893188788
313611980 221825754
776972692 -857698002
956994250 -417397878
228838418 -864353086
433093403 271383783
417493149 -293302832
636748024 924214786
589009766 515383187
768050965 151498266
965280755 -684918790
863041004 332701451
643581506 659872801
540106861 837531561
755725418 -230888732
773518003 132845396
718361291 418534962
711045080 -167008975
124574646 -917652431
205317264 -391980361
749550742 574873235
960278472 38297027
850366949 197740793
847756006 -748017260
142750728 581758910
894585318 -446524857
60099608 -464366602
22576101 -711224605
979818600 -225045626
338582193 545888487
43277314 824028781
822345458 -950436458
973689690 290998499
675892233 398893603
192547768 -968282778
729549014 418673223
82319213 -587071688
864188293 895254458
194436542 -452977092
145794064 878230873
36871178 353849053
969426538 -73195070
54340354 -253381813
175693259 -239636647
170938380 859254492
709343913 85758679
785331960 766595382
943263573 750502273
719788255 -822342587
107092509 -435665552
314374424 100017877
430633292 834338902
692012727 -242729682
624014396 955556941
961665520 838605242
964484237 -405979536
530406078 964454731
351806968 -895748084
852890707 430354782
208193066 773796186
479621261 -807873573
30688272 -146322707
75305395 -198067569
666994003 148014331
472531610 466574152
461552664 -175997013
891910355 -465453403
512429945 788160562
684117824 665572149
527774031 751126529
598232636 81464454
508307584 353826425
859216110 900468711
996831863 465896744
829108978 -456968488
873643536 -68085378
109529132 -307203523
960206611 -624018575
974804959 387277183
374177234 74053190
37959937 -748009987
949570328 634939182
831477021 45491512
131637619 -139555539
470733723 680031050
65438399 408341350
919217815 18902906
773732163 86021426
61542931 931008575
574094253 254886890
838295477 295599262
298131153 891397988
502944167 518944576
737453899 -23439573
620186248 -242616055
122673645 335453439
122750416 314469189
563314050 -677530059
112008851 437254313
886398685 -82685307
997623958 -505931194
479579700 -164648195
158147993 -461064447
579154831 -547567912
853711279 792349378
605520599 -811723038
844930723 -872032295
74757754 -603444080
206505830 934552520
787759259 -935283491
557334179 -215195529
373007112 40682975
506264828 344067795
679447059 -721768962
94648200 923318913
47847035 866824024
541229788 -506478241
750745190 576437563
316095543 -683436085
445877849 -862309449
11633000 -929841341
103883349 78453209
350618857 605465291
364975835 -987843933
700308053 -232970422
793857569 -391493143
305306350 -950058341
73678197 945658738
777546010 433469934
658303211 -453683713
513070803 -956303197
599789060 -69911416
880264592 859862363
868324688 -910142322
574009445 -870210244
629022502 -649527204
508314402 -462633873
835079973 -69707584
762300002 971774745
931122943 833171294
157064472 -466009758
163464093 655588589
668455275 646443508
970669720 359213486
426026375 148851823
151031426 -388363478
709555317 -745392114
812167092 -97904328
976889061 81906661
801418938 -503234456
722791797 963994412
325674622 -163737898
164648245 676010332
160733532 654838829
844572065 927358794
69662595 845606779
37679306 17119157
582603486 -567196128
466369203 -197716133
960925426 -20514895
421669879 -636930946
50570243 400171624
369858645 489154881
69224462 967126205
688718226 -686741634
760893618 696028574
507936624 976933798
844268569 -416832859
190430454 789907208
958420979 -975314844
256079074 65182719
529872420 556548545
24169066 785761947
752133614 -397865032
938916553 782776728
778718076 500732001
620806547 -603456225
151568105 377408943
76571743 -995991891
128206369 -652677433
367644270 759279534
873013061 -106768100
680079192 5188937
450032694 25477020
625948466 386591498
847224280 725633255
761076484 -625453962
490934372 -525068579
6885895 -440827797
622825355 549527268
563677603 100839323
57035571 174189282
66667922 -135770590
97197810 708545818
930187786 891784086
925036369 285116147
706759401 -255114542
37521532 -335610376
828661938 87749390
524313581 -897932507
41608955 -228067327
38577771 -343705062
598383983 -225916970
697853054 -499539839
859061240 -964752396
537901682 -102893181
245661191 -628263776
446085952 -877453868
772328168 792590263
101036846 -610906502
685723228 805488591
339399853 -836972781
483368320 -137297095
903752384 58369022
753594097 -284792470
843096533 500834664
154675183 -75163245
325190596 -376296986
485497642 -586908116
652383067 -763505187
2905934 -702324887
682120706 160442522
53261941 -259892060
204950299 -39023255
759056680 -691906968
336418176 289194473
198423989 253778688
980810548 -88592143
640490625 -502732668
449375021 75867464
638291056 -375647027
728853604 244611487
574755857 826263191
92647413 -449602874
455323566 -582863842
381382264 -102817910
943101196 681271824
663027986 559397206
473352735 621456903
302369846 248208533
306165302 -765088929
264672384 427242580
699311453 469906400
772477539 916083831
529186395 797706971
193248477 -413170635
621473455 -21300904
948230651 -843024972
271007743 757219718
170042141 -232077386
533662031 -632413729
913760798 -309598792
950579504 -869209062
887451026 802981795
594506353 457700737
700549987 897628122
37452370 -555916916
419422451 652079617
491360829 -295124726
144528975 103220797
52279907 -487129137
947833913 -957283016
214696322 8381072
991529987 611680160
427523608 -540216618
789327919 -185694994
147085317 95149315
493371676 -42743804
822462328 978067520
53998679 437712527
579059750 122655520
761830048 -646037052
38343074 -407254081
269137900 -898897723
686103131 -739703320
921373555 -851714947
885188942 307242132
92437023 -377451802
377318149 904263564
679985764 513872597
912612170 92762829
533868968 -488625467
588556147 897171400
843122750 839227176
540666365 786223290
329699017 -208142896
194765824 47298336
558126482 322264991
600731934 -20420709
699997807 873691914
694301411 -518966525
951159914 -999662955
758992679 705115239
1044301 -313550557
297739308 899762342
148956269 81162907
170150766 -22954524
668163440 282264834
828820280 12432928
800535689 -866042657
686192354 613194349
209606563 500002614
360306741 -733641679
105860709 752852790
200715178 -52168941
526963252 132698145
181972960 735591091
560628260 -597589586
261776181 -218436239
853869942 -778688163
836742333 -56320995
347784936 982052093
384793968 232179965
965376364 -865525924
720056050 -876877141
56779704 400698797
701798702 -353253830
151423640 668936007
344731384 626249891
734115836 56145253
837259434 -419345128
150492082 -495242825
687898080 842338438
145065906 794155215
205163774 -755116497
149583837 327966817
662290422 78433747
514083543 124069100
590750133 659380338
824763749 -967971171
155621788 -159485592
979962891 -41141533
409126436 -546306876
585510770 -107357166
136156586 919550410
439609971 -363458874
936551129 246954564
528853155 22695424
591708062 53221560
350411856 -731102149
75268548 -630160678
437510984 221423291
50665116 415127382
329062318 607268194
350667938 -669186884
987976696 984322947
762914990 870815467
991380283 -774888122
521575786 413888769
345361115 -64775861
430281138 33295228
221096821 874307439
591050980 -706801468
371370697 308046741
43734996 -220756473
657637565 -574955884
241764854 -661112079
429458001 250843000
517100617 713467993
99923229 -542022547
739701145 -318694225
212829417 893054147
11683998 389627020
273175220 -861188953
257018529 -266445206
256442077 105779004
187378828 331893281
514184903 -486841103
386064678 -413085828
109908517 -687146495
843899539 719987382
881127283 -189991884
544194416 658367095
448370270 -18772208
358839115 72892516
453504136 -312458529
774384117 593145058
863889444 413013600
344463865 102201005
597833376 -974633934
923028731 310927179
496679454 -37080658
795709906 -521372542
701889759 -769538085
253739017 -925217025
516909151 -267645693
1821590 866204266
160290695 -970688289
487220577 -913959257
633124312 682106185
481198341 461713540
947970773 489090792
77385574 -17486824
963072471 87648920
306602280 685784620
79527990 -161140442
741188949 -600780659
612281159 -130584106
282131791 829258762
811572442 499531881
645748370 -580276127
134778961 299076311
957373162 312668509
708455875 -233879955
638203547 733727347
365393758 -187543079
372198799 254353818
266335100 937699581
422260301 356060055
995313521 -743165959
370580686 -559014156
991764417 -459697812
996433170 -96770190
831944882 -360868174
496910132 132673843
454079931 -451941204
261650156 -453759074
339579563 677763060
66594396 455669634
210097152 137468665
962692929 660394474
252492557 786797249
743422799 657187339
600810846 569427454
806108656 249914345
17295773 30555565
790355136 895517601
468595813 9738788
95823569 890228867
743389287 -396956637
785461264 -133687535
298289039 173936366
836937180 -376307122
21289499 -283246764
722299572 782257864
69561522 558537458
217297274 -798547723
626571180 871676860
377945691 -635700079
920307119 683928949
663504278 -732302380
338934653 -102863538
777747993 413362081
85855945 -337536090
524089063 -704814020
307806765 170419672
186767293 -698241179
778721891 -107826075
452650238 31859042
642425826 -600418839
650040697 -79947791
200336647 809124186
278673992 -166646919
506716232 -470733907
954074650 -121339971
934455014 -287514744
72892786 -266961859
541371809 -125960422
592582716 -502541947
665137079 450956179
767754982 739801159
806651636 -479573333
892539982 -321595754
451463524 -203403511
864361509 472432376
528941720 324966665
512221929 -198920751
13794153 -275317767
251804785 318351555
341977856 -725711164
548753892 954917660
691705423 -185235102
334580586 -268959363
44342836 -681327052
876263878 -154220902
337152965 816381906
115122509 -948370354
335590465 -306630711
454237959 341649691
872080952 803624258
516084769 774140119
40926626 670678725
963229371 -37006517
203167523 -890070745
222282507 -178835738
207558294 -277735507
779771148 -702929315
756364797 -586732435
15488525 959929538
70856483 112103740
252718393 -567571001
987185477 127531540
734949179 18681981
215127452 -873345397
274978762 697719079
548543686 -706209933
749530967 879529378
615383166 -538097609
933635971 243371082
699651265 867382411
964971341 -231826225
406574099 -594355531
103704063 -624082326
468191142 -356968728
54428153 907641768
493872936 393466333
336089608 -200460009
983208438 -594410651
986005165 567559769
471921363 -332097182
235863908 -137326560
269576264 113828907
768503569 715380180
503415749 665893613
788940348 -63416661
148197036 -297040536
197529012 124624950
270411749 -714565788
14883684 -610684273
223726207 -783317689
671985226 -296072065
907461310 -64440878
18627866 -998465979
625355875 97210656
814684055 365460300
386980527 155389637
804333905 50110191
395139971 805568231
966714552 -184488468
920690034 979495381
507933272 149759414
972833804 -972599749
47597893 -509670781
726114390 49125107
314950237 -122613350
284045463 -667366716
286290599 -202908375
378854590 105043804
662400220 -870831433
377030384 -919460461
741672601 -647741233
894104360 231532619
116752751 662989961
119579929 284129960
895744774 -454561587
602410211 946662600
502061419 675139397
25007679 -977389058
698391464 533108239
249435710 -33327116
543268716 544777566
305662772 -758266898
206732594 550974828
113121205 547107313
631286699 -254996701
263439543 -146329311
579153633 766963991
319413006 12493168
632835745 -85539195
929902171 521101360
154314796 -208064722
155728469 -78789672
192618776 791061751
339580967 925762266
232514972 176314224
569070050 -871318000
931664916 -169646738
334542263 -785679860
399188518 454660073
439898676 -83016568
511627646 733431425
434537229 -870297196
284805017 425940011
838933386 -317836784
721236435 -925878469
129696962 388884521
765720209 248616751
178561749 -305664411
959029987 -743741752
179408696 -952281058
924963887 -390519911
249345093 -809887284
270437805 -102505686
305830694 204424669
147277271 315622240
745968009 -28009749
146030865 415556448
936769130 -653275116
681451605 -756104300
815858201 435456455
929516329 -337267483
61067954 -437202699
246098014 928584371
338706567 -375130489
12866551 -495374903
525560370 987623363
399451971 -477485377
18939490 73178478
143079549 110522113
991674443 -96854350
882946925 433686719
924334134 717120692
74388863 656635642
837948199 -511483661
439493839 416277385
58719597 -24647766
619018208 -913523830
61602356 603447785
755006331 -774084260
438843081 -993254262
398862110 291407833
349035960 686131541
117808068 698563300
29576687 146149716
636720751 105616987
753752146 950453761
902249461 538587298
994351004 -332133101
241561770 400939697
623159206 986140887
139905250 354772305
509365383 -24527286
754289987 513428752
325913808 -467046317
892516930 623607699
83160652 466149647
281712194 -423725459
637643633 -73109254
367989683 477193080
774221822 351715630
908397749 389852685
968992096 -412446682
789077250 -260841722
813073945 710798293
818468723 881776099
891757794 419685951
964700366 284569894
588628096 -912876783
681806567 -668220998
93058905 108628703
682774767 659675604
896425520 -474528420
521722892 -925008153
765498521 167285918
780419799 451830362
498599967 600560908
912518101 572067291
414051792 561858617
479948264 -532926921
65410239 -207379311
714712187 -789983138
578244279 235979850
447207871 -689078335
246817566 276064279
773706749 -626565875
408975144 125797380
906571114 942840073
909403853 334332368
646792061 876607407
510642653 -217916912
337684284 -423864371
665516181 -358804217
750495046 459451802
952685678 264465150
994128176 469687439
623230405 519008483
571006139 -973320964
652504906 239057335
568998347 102231936
161343283 55695295
874866917 614415815
40254112 -509302611
293098495 -216219970
650944756 53480514
444059757 -985552310
937583691 -608238396
782649212 -599449308
497092973 -379996605
412927316 532085977
883633152 899007678
63682787 664582222
123109273 860381532
536373127 223891211
457255857 -489688050
915032127 -789014528
6908340 -136773362
297909243 -32491473
626727660 -407553845
137908862 -677397961
660791498 360600833
775851230 314231149
556911578 -998013248
487276674 558000585
837252767 -534376600
528665228 -427101829
432018101 145469856
499487670 943025595
955302335 -578371709
249975540 683680248
384100906 -223367081
29662630 958947103
675243738 -324361666
852265803 -74796952
808198256 955810683
114492918 -799329368
523162897 325819127
957381205 -500495155
449197674 -634990367
40768215 -565336372
266567058 341227101
941966992 515868638
390618301 -146774452
751826227 413387668
905330448 -583943820
71627973 -780795161
215634220 -389155519
479188249 2470147
837400327 -264020300
595392418 177374012
261067000 345995766
672148423 485794593
807007755 10945361
617848598 -57588901
545675983 832757609
183176553 351220387
314016629 -696342890
959847724 -80053347
978120843 18846348
615506037 509988152
347248495 -152945301
937604715 963099801
692495035 894718066
384261702 -484869131
866524274 -48343786
614710495 -443298668
35886841 133275983
511381187 857560924
991107235 505404842
844190645 262356918
79518876 657257060
61869647 -491740760
578205030 633971699
500964134 121268551
44729001 -784268635
354016108 -357350972
663699955 967659377
993004838 981483219
111141267 -540431963
281020927 5814783
978493689 662785922
241629666 -420964884
270145828 -91514805
363724962 108853063
810027028 -840885318
470618716 -896620410
327783810 -456066950
752269774 122948862
652325514 73478031
894648779 250258476
235819500 671467912
475207780 -436511326
122500337 -766692547
240431118 57655208
879817944 548129878
63897801 -306046987
739237497 -80727865
713134781 413255456
764282432 -504279737
981432532 53700973
653941308 316645746
96490382 -763387915
439063082 -969114189
495629468 531955263
40429550 179034212
470471490 392214308
834107270 -893012092
718017083 449063755
243999879 410626968
102914155 -596165506
715390855 -135812810
11920310 482376171
451676174 -327056537
94231138 135948191
985351006 111388454
488315105 364986451
400044383 40351476
753184056 -41725280
553856637 430215215
597500728 970761473
436426228 -667283044
417327943 -997952030
169933580 83384504
595233880 59003047
806674255 -844052792
193964214 -137178942
847966079 -597453417
881350946 439390772
813922698 -477630368
367152231 -602821985
249781103 -696970095
117964599 295776247
884448175 -740920669
566017817 -429116701
687390106 -162290595
165977383 402718708
420549302 575283188
841168376 -588702057
225002839 254668924
492525809 -997940958
576685894 365887307
546441927 -653861172
744465717 -537451077
499665624 -481148991
62318611 125840691
943151040 -686204747
563964350 -461923813
524269182 -9855103
84214013 758843301
497360264 -702743341
634050538 -383597654
893591886 -372846517
47521703 -565567425
360598169 331502999
48949866 617035557
408421357 870216107
83602516 -817861932
119172894 354558998
21983630 1373149
195334588 329906792
22991436 -754284256
803941819 369928184
588186583 118450931
418958725 440979787
182495833 -64565223
273851703 -80896869
145938999 -134686001
386051373 545339407
74752892 364297469
662309628 517605972
594198302 97367104
106745335 840414068
776125005 -338792203
164303937 -256202285
618123777 57866040
465664701 -548167054
41627519 -556270237
966771591 -304751708
353907314 -601136867
93873816 360765067
708800747 154331853
118311635 -999664174
340348022 -586488115
421123835 -483844294
325317653 -401275803
195406151 29084070
121096564 484283441
386533954 -801252729
941679272 532156980
564520124 965010317
881785153 334400380
296810175 -593969988
46110954 -5190685
328037377 -78239977
142865445 -588415487
699932366 830860838
174023954 266291484
851354758 -948135761
781349615 632182340
405439328 -706544443
261207671 253282809
889862967 425098794
204131878 399537765
86680665 -894379192
861366166 -90328584
187592020 203131014
757661356 -389513138
286798535 915867199
701509526 962687438
686193566 357510306
798308699 505380943
617415936 -7678165
312054900 -781448899
330232921 528611615
896553137 -567296825
677789463 -960570099
84588425 25605594
704771628 -189641988
424332092 663484335
941452294 -753208440
494099804 -768249392
455889038 -213387440
958910763 889610933
187443693 335444836
440206638 -274948702
514069880 589015061
555344769 89649540
615614969 -452697317
922034108 530878568
663491249 -916633221
501875798 441742537
485822740 -603655179
759838276 703900955
150501705 -18597852
606541558 -560839084
448763790 -706634125
576359224 -651360501
110507125 119972900
965043755 156050327
283579358 -80646332
925114729 984660435
708343787 313730488
528457726 -375222667
284365710 728502840
459119699 -277572566
812744607 375648022
781462961 -933963624
112856379 -31054843
854248413 130210894
71881096 583754027
295540111 -39094296
162249566 -815267318
359994723 -259083710
864816439 -72395413
175082649 941870073
726112880 -257170970
677113167 954133051
471146736 828895951
600587396 -702786569
757871633 -2722819
581880066 -770810325
305680717 597764904
566243673 621583157
355937106 597800975
6539057 -275433717
636379557 -224776109
285788652 -137101969
577287555 869277539
40303521 -751910505
956674559 623276568
593362855 518127710
771564044 827382760
63310116 950121634
44702722 -598639920
389649645 251862449
648265673 -206271425
359624677 81581083
77825369 -731625742
