100
823073985 569686335
973979701 -231127241
529477188 399123421
439336545 800013402
101995140 -253720752
308335526 -452249401
496282152 682648684
626732201 679204704
363659635 76952167
673814016 -809762471
416149578 -545652571
876316894 729973285
763383313 925431222
357956456 -891593766
540390051 515245072
955462636 -292228671
691142571 -153511967
490495308 173950227
675633273 -384828205
19067181 -387226877
405765566 856731458
166990663 -27205104
173356306 -918320443
892999391 453812439
57851949 -19360965
360952411 -54409765
893484339 892664154
980218007 -280992823
86706812 169252654
399607298 -808620841
624381501 -464846044
779404272 -723078246
44549661 263554412
524118417 -517775293
893743729 664664810
500164470 228691305
13362334 622975142
868021798 -363735704
23636963 26992869
456645714 427581640
452344108 966487725
337080905 -12822585
74456950 -53738676
318089180 834901658
487896546 -332709667
544445213 396901931
898953868 211552031
362951727 839542591
719073112 -428625022
325153047 107491619
235221495 300927460
692510290 12082436
732172448 428192049
33850028 430156890
908199288 727391639
659188050 -425336379
362663762 548143876
600155626 132847918
773106730 -838927700
45074262 751048437
127052234 492829045
610098732 421504968
973571261 -992074292
447954393 567713905
291535275 -432312424
83692145 648878675
970421286 433547724
448051764 -294367084
81822218 -611578858
16935633 793314670
788880620 -715786293
37970976 724173566
693960422 452501520
285016442 943841170
853815825 241333442
832155118 645508491
858648877 975003650
468250905 -929572434
747370840 -591926907
279528771 -123826321
816196548 853782607
27782261 533746958
470450408 250948131
761735625 -606981697
787834577 846522259
875761809 622776818
321240088 293183209
226166419 -289740909
754122408 395152581
921395360 862544117
459259599 -258299117
12390933 -855405895
465882043 931896412
887967824 554015929
633838944 213296391
517137598 -531879279
28352843 240890597
309784931 -377821763
914068819 677631091
4021505 550548415
