1000
239512489 -831003605
367262179 993779727
163119098 -204858456
945868149 -376787732
103839513 122109256
603458823 -520785758
560374066 679869115
707510346 -485771370
822029995 -827999397
930621433 -848443057
19364499 699840555
513288404 412793984
578272996 727520867
203755357 -917745517
544123666 -320883945
810652950 205592554
618662365 676515289
872716812 678177286
938423338 823954953
994021873 -466500843
516204369 170068235
483553021 565063896
387121585 -12060344
90515741 -805537622
625759226 -670398586
805342868 -577587449
680711371 950973997
305957487 -147421966
396838841 221695222
278495361 410427461
598413659 -206350406
552696592 -388364918
543453965 444918848
655892012 467272867
182745235 -172080904
846728122 593052962
529349957 379629999
361236802 -39447589
952270573 577496959
944937409 115988689
985938187 -11076027
488218467 971088698
2514095 -458916844
797978803 769521938
481868819 -267827661
418205247 311455784
4826060 430979948
991516106 -208654241
173317338 -723696539
873735211 -588267178
172933141 -343815921
254396365 -129164952
300766030 -612126590
493232219 -890497448
470956445 -915896592
703469637 -107382887
486605249 333909829
123915702 997697876
625728464 342111819
413677552 796502363
411770580 461018458
523094289 -973772665
571011201 558540738
342220052 -23066238
176905484 -113714843
753422154 38518828
91034328 -898344433
64797243 -585745461
351675176 -78572221
703686715 637485789
795631092 -79087115
93153319 -69772113
992133410 819464539
144114635 893784274
652556205 -783592690
92551211 724171784
554117891 -385823371
348682904 -22436698
296236143 640449195
37564404 658482986
703593178 -227143465
340429389 280497922
796899366 -762157628
426755979 625974849
848030178 709523065
655838266 373499822
510653477 -352363731
618173623 230559167
688242426 932645032
292956045 -999273154
929374059 -522497619
36403923 167852904
117796934 86349231
184326356 272274800
555125838 -659384899
128489785 430649994
435249049 22801698
449705116 -354131541
586449583 366399711
213496872 -443760309
662355822 391210950
251261678 -537495128
605777941 -79500137
649415746 -383665894
605546758 -656096224
316521963 535490092
129606733 -454038774
895285604 -264010680
415439816 -188808807
150296193 -956029453
744476656 -481267918
254412186 -929152337
999676456 -854555574
156840578 607426217
654309169 -435532100
935916898 750108560
190352556 924871530
681851447 646040593
277010226 -689887361
6465163 344633979
290725612 85632081
655207286 -401244343
339765009 -675638632
810405244 189128039
314686133 294118440
328718595 -279338972
968148213 -833343706
823130542 -388646430
497844455 -148680144
918362069 338186935
77517501 122511007
863165266 725911394
766896259 989088939
468889725 124191472
182914890 -601215795
211394598 -388518727
272388985 -967880086
91303878 242471007
860406678 -493716119
567397083 -957972825
376481766 558349044
448522733 -303548078
816570264 283483529
935957871 885819216
866512850 -958668111
457588593 553702762
914819519 -796574672
243931226 684012912
182411174 108203111
205645708 -134599410
716969734 -300695091
722999017 -223862726
14381084 -976798371
87407813 795363887
219731147 -994354937
779092418 541933572
7578067 370758930
466718883 -943186385
989857025 -486313782
827076303 201491350
928781730 -620329568
438747851 906870411
376202249 -514091457
438219189 -854284100
768113376 -178483094
351012837 970881743
707775834 903114798
924509663 -888539569
210611620 510896446
511094420 468885162
987757141 986906812
827224882 -81979333
386286798 -55126690
615893852 -180445317
27058692 -318840739
44358103 -654136704
537725749 -327424157
898851966 -131648476
580010288 -177271233
686290767 217395794
143535009 474554030
136494671 -672802825
453620870 271785302
770463062 63719265
235749255 -493157242
473826284 -228242738
756852930 652077061
75389622 -433205453
840197993 -208879405
400596570 -863715273
734075503 -207645594
945183200 179588268
650992604 -294731658
122972987 464097227
820559567 542069558
594429692 -632068689
381010208 435889987
910787192 -453879648
780230558 169993056
606638783 242475231
16180390 655697820
486852410 526100948
602028077 -11371137
565023929 -981993045
527068604 -371891638
89327962 859907959
591760905 -452211653
842341919 -560522869
944868710 -224384648
825983023 -849172172
287150768 621085504
666684303 -101267814
533406694 14491446
313288605 12904369
142332736 679731518
750019362 -528990255
621829171 -761296428
248798246 550790592
906544748 -79580483
318456712 -846605706
416709667 298279861
867415782 173405735
805287496 929627204
959415177 64837231
833305414 841972523
449474281 -49844880
781697744 -618431501
941042739 836653811
581900234 231656344
461046296 161118123
403534364 -343629728
176281636 -740658937
178262011 432346764
612160141 -312856135
134787371 -529522598
726560876 -396618499
830971878 619556891
95162877 -290036471
566055775 691961723
262378955 -990481549
760956922 -661797911
405702172 -721235718
510793182 170723523
191620627 -974605372
582432923 -683352868
237560644 862686733
316527911 -287936214
238123718 875149957
307604312 745540207
455106859 -459992304
126169568 -442786319
687826872 832487072
636986839 -149916642
819928366 -242501216
633466558 -621768714
410269744 606786179
265032928 802165724
514858568 -114994831
480264499 501449287
322624716 -308416079
270373090 950360741
106995253 -212737543
614433958 -629516715
364084116 -385709172
847375757 83232306
689308496 799912052
291106448 -182653224
177667958 830344742
458295370 428009579
3341452 -473537535
178368902 131341888
459629294 618007608
98664583 373848937
215793209 -906819095
115008260 -84635605
653922284 -854561754
849704066 -606188952
404679895 362630740
589736133 516482500
745670364 171100965
555866005 380991422
280306760 -407992259
216349329 -369555593
64458029 378531812
141902862 -867703943
515799709 350458654
405454068 578195215
452695207 899490618
449329584 -683928725
110295687 -998809051
136052004 902832504
402388349 26975579
619833875 621420423
952727698 333070306
526526307 940489024
375155774 -674267707
31317866 727358358
418857218 248686764
32739041 -412072850
3903077 252592240
977743370 -735605028
22275523 779283087
288193105 -931526415
610280184 950984625
260978869 104783640
21422346 -888842797
87802367 -524184885
312978217 317953773
668201845 469817322
534966885 22515969
75901947 949146544
999962030 -887110655
99958252 18771202
630038134 975993824
592430202 -971608696
981777484 -267146108
385901196 797629311
754242315 22761780
540474307 -658547191
449212031 -165483939
524545125 703270934
668977473 -675290457
257141339 45713906
802827103 296996718
57874159 152896988
734944084 591360198
474961698 48464353
128876044 -820377680
34025312 -107232990
35915253 703167185
955004686 -144558379
946903075 -495231417
581310059 159790231
835476471 -29551564
418351104 663765488
300970869 244815061
537526919 729726889
760435180 881141161
879213224 -4493548
550593056 891756117
914393512 -39401718
452119265 -27627942
814332590 558740719
304157759 37864821
950164306 -789708232
581294399 257494522
217591312 -286068447
773922836 -754997693
934278693 912318277
188270475 357144074
396129345 -533108821
344557125 -516408660
286878207 617262854
585855172 816306836
874359308 -372204951
373955472 867697855
769391944 657751731
273610729 -727309062
335192730 -277822714
402592756 411914302
916980884 -979748949
374885950 -114833763
692993552 681915365
252108755 550440110
89650337 107396973
3693862 288015759
671818110 844873638
262944685 -964552619
181863578 -813931635
137633018 538624120
602604910 -960966239
550808723 307289682
654419080 824537100
424591379 -119104637
966827644 -429635184
778212052 871392918
670151902 468621506
480688480 -137113111
479369723 704458570
742945020 381430659
587238903 518080504
571394369 -293530088
433447844 768975018
878900641 -523538657
997239951 195232786
774949745 -692417921
925685420 -410223730
282957804 -369858059
579685065 475823353
924390314 28337659
257072015 886918536
992223187 -96731849
50062903 623259347
506675457 628094558
380257323 -335498123
489622704 501412524
156683438 363647868
490681930 -678109714
485641109 789232164
613258651 -906513635
651887231 -583561272
581285918 818157357
367187549 -875719638
960357398 -629744548
476667023 -372251679
550195434 -681887092
276332357 -52418753
758304920 705503266
686425497 786336202
410150149 325270318
24042684 -322550871
701439278 836989585
732442647 -720179771
707435118 590169695
126671916 -241482153
583005457 853027857
288609651 -799024231
783959821 79523605
189577125 567738772
271311563 -736889468
461557183 -466897988
879212974 783764454
3851864 -944674917
194785565 256444464
339887275 131287758
663026899 -346192732
205845298 -695233431
218953787 -202813817
932893377 931342265
700147304 499515407
252156446 61856376
577049735 700822242
145062087 150797633
943670315 479453136
647122188 -15089213
448661344 416049502
655066657 -953787694
521940228 -18941100
768111484 628154018
599282466 -165577142
279151904 857890081
64819820 682721407
188160129 454893463
145934307 -852222018
769770694 -842857491
319515928 510274484
514025677 -473118153
795939906 -447156761
633434077 781096877
562364561 -517356283
587432455 986511743
746053777 -902280018
928599363 168150624
715321986 86252597
449667247 -811483522
515390903 825352635
155072200 121438190
94753065 323250809
614181663 -330770288
556535959 -547754562
660604056 -953420114
48112122 -950807090
961885148 681213604
220165763 841396313
501093224 -436378111
993143563 -457273354
289691927 -159110216
76981255 -46145366
955598697 501834011
457170035 119646992
105772942 -446267289
549178377 548988024
914172964 -767128606
374955480 354315160
511759740 513740793
349190031 77774830
704111054 -424079001
613060304 -61674408
815963158 802150461
253025874 184139697
845491596 89797344
905842731 -593240382
167024096 320832059
807538109 229161392
927047756 -355179945
659690240 258696731
538913037 -443058058
995610816 -5800465
576665581 -45794905
978172676 -32856582
595185624 -543420084
962764841 268199787
395924122 705135809
431525362 710122660
91420739 -474206245
600788521 -965862463
648536876 -186292819
112205578 699207798
115418739 -177616496
807831642 524706540
122046608 -88179170
194928208 -181755269
600260811 780204621
897180784 -190088917
401655364 75028655
938140346 958543902
17213333 720630070
708885009 998566848
78006026 -118944263
452149207 348954649
490483173 -287655082
995442131 -148328472
82822108 -227154485
455824877 -57034888
91907264 -751223877
567525700 -825531371
449566041 -825564792
281630748 569055540
657274565 370609867
520592776 960182599
71636219 643874187
350672571 760908759
185511276 528466093
60516232 -184565787
481443637 -713671705
293375897 -60811139
842505024 802976181
751279315 769626299
53514148 507622107
48605192 -478274208
349592035 -392710358
643253493 -714257519
615358794 -877670301
361557500 -21002718
805520451 794273129
604495360 -977681173
3386418 -704314901
847109139 449292938
64700599 -108124385
53843338 -496863442
605677397 803579633
713276614 921371357
439862479 206505304
13196607 -492493723
898142765 -9116285
622447871 -566450868
138446519 -578226137
921690011 732210342
167842332 -108930386
313721905 -813967354
293663344 302260434
112225020 74019542
223269153 -171099698
289836001 696212849
804575192 -85626638
207464823 1571458
309178652 -436348684
102642648 933208107
327690179 -705881586
574049405 742454968
975581268 824378494
252309450 491300771
121843254 250534849
607533797 34371050
368224650 416952914
837181312 -880442427
493242661 856214154
653250650 425589228
130914443 843738807
167362541 -858684979
296541750 -71075536
326260233 -462203368
901953831 -944538416
360976853 581868605
226539364 -540340528
738607949 364383633
23350744 989086901
27017032 197507050
495164858 -836799612
531008519 874582948
789973013 -171194065
875644125 -3383248
75510784 806510002
285398256 545321034
494617731 726761232
231957117 13412846
690114634 -570266934
686836609 852852781
684158139 -957851733
939932553 989923213
877299365 158858363
958897181 924374975
456667562 680553895
259575770 -322656320
583363350 783685743
354677870 243735944
494552605 -144367988
454992549 -396117495
50848989 -184701997
642211240 -698573188
371085284 940281944
121221325 654966995
424180866 -198946012
409379091 -184976961
362925140 -569633920
883332779 699273705
975372626 424143391
196380373 -499738134
148338196 483044718
214615915 288618047
413689358 292963688
620049212 -683631066
447805111 659069234
101655256 -687521222
655847946 -975025506
714580335 413874130
786544821 -57809577
251929499 547782423
380086588 -419028421
863283012 702146566
86255606 -49456979
533797688 -221898920
354376692 -449352243
864172133 405150009
357910137 -30949931
276223314 -784859444
533973321 -74380014
567924033 -993838499
536724581 -786032908
128757588 -377122217
349092784 -938732799
48457639 722867892
288661743 864206274
449020206 356026958
642140973 658922705
164386624 -401351011
729440023 889648880
16694664 640753829
760444953 -908664849
835714005 -460445729
775083274 915640908
366585270 781942367
536237790 -159755027
713035144 374987848
188973723 785450704
130522277 666374191
906218825 323790058
37816517 808016538
326080770 931058800
389486249 689042321
893444175 968920953
973391288 -664843196
408872853 -424206737
885148899 -996557036
211994224 -40700287
716950120 -305935050
245455240 594496461
71433849 -549385346
490396098 -879702604
487435681 -949289261
805287520 -708705203
206989007 722087181
35754310 127027114
444565808 880260130
58225251 489357016
465583940 375224985
426084181 992698422
4871917 850248276
953655426 -422816077
594336019 -771570517
191553572 272381206
217874562 174666995
800369893 -785029092
525254444 100819438
806649554 878255591
631714578 -631996793
639586440 197092961
758376882 -84396677
651104536 -562907643
71987586 -546835348
120115611 898837751
544064184 660857665
718522654 170159044
960197356 361295848
295540076 -760055248
583627562 -776776052
995615890 568763748
449084652 974165808
889184537 -471699440
606425945 -614784596
704577576 -876920021
745904881 314692275
774354160 765169457
91433472 -967588918
518577985 -502343988
893669357 -153454860
537991168 -66417872
273149927 250744031
857293 264982305
181764245 -219728173
522725262 458399543
178333967 873855380
677304249 -997218917
143494038 -690543918
984453644 -583589174
542913256 214561124
303654398 -73433342
971623645 -157663980
504869958 -36162919
370212793 -402462466
216919275 807691914
97844180 467361857
929253423 120344386
250296813 913655553
97951213 -288118586
981221082 988007612
891484478 -658601880
624160399 -364257882
799417298 683150062
948297973 -812564634
553796872 734443840
101369107 853088229
747822166 -269057077
20047952 -793418836
945779912 498123924
831068942 317472445
148874816 -884491519
583624110 -191857495
241421233 -937125941
749747212 313289561
530600404 -477277341
191734173 934619876
623675694 -754994883
555726812 201087034
780313952 515594670
232545812 782413706
762180479 -599116946
809861832 185722935
886374355 -841518848
884949376 -440558688
190135844 704639523
567677389 841193154
483384647 -601110799
628434795 -192309407
622556735 830312189
184234004 -18004463
580519940 499188782
399110111 632545769
644737198 492888497
984177429 -598328208
956689775 375895343
427114347 977408338
259503214 980609112
856169470 623670219
311245472 342827352
714043651 -872511660
258093648 -455348717
451733276 -391802857
74842571 314038599
835235664 477241667
5068384 448675406
634321113 876759433
637962237 -228677418
71376290 991964522
147499811 425526043
256895379 -712786116
593034015 239157985
920051413 -411729074
188858122 990724067
980303026 -22528241
815754920 801626512
153965350 817335649
310297399 -544285026
603575439 -743722442
343375262 753981085
535870842 453883098
159608539 696665151
689502541 270207578
355038776 247127758
826951944 977041565
614888334 -103120450
994674651 259399389
445723507 -999206129
115644788 -718421670
511460575 685853631
716302163 -501031877
518576364 908167467
143961260 709436594
39285568 980058852
785655760 587253644
339913031 879269415
293587234 81258899
743288536 -321931604
697954790 -329648090
331881727 -525523909
107996784 576438180
274275299 206990958
916426028 553401308
443101331 -829646730
409196902 -273963409
468972916 -951510067
514551547 358106851
819103196 -441683340
761284065 -813411257
742323111 -9686278
125939121 86453904
230396889 818219304
288770647 951436791
848626726 848953923
871929189 -84959187
793385975 557517616
636265604 827630933
108500670 992451006
989506513 -69215903
921135290 263818717
451645292 -720164096
895782285 -263313587
339111797 373390641
332428462 661846878
559357138 -856887454
552680533 617976104
94853511 53891430
136662968 -746512914
832612234 -85129499
518123544 707659498
700283723 -849267418
138722175 596568848
857455045 654359028
487020307 375486864
885048588 773875703
554217891 702981748
576417296 -155742261
694109840 132395522
405938923 -236373261
420608103 245891529
28835656 -422134577
278408682 198369006
717223885 -389133182
886623007 636120987
972082313 -692861305
3124298 -306401763
363039934 -706277513
427976224 -47858542
576805596 597113303
623319986 889087927
678311910 -976786396
583059182 261470854
514011810 -761683931
549711221 -604105360
845437890 852237693
566769032 -140052589
138525752 -424260601
242314263 106308442
164524672 188093915
869142042 -864190098
844242822 -541390024
998904450 220054130
281093328 505750249
976706647 -721794646
585341738 -939811956
685055068 632067842
236594 486683332
937476620 311253830
128775110 21666030
810047563 -560610742
872265563 227025578
13589272 693802247
841595617 -362224361
651978535 314583216
296896852 742559297
887226151 44853248
725562984 -52326163
192746149 -559437549
518268051 211683714
600991741 -677594060
452462032 -709574282
790561025 -105787584
967676751 754728274
778943527 -996038025
183419663 334031741
475617711 -517894567
271333873 -326674259
862316266 706754883
489299334 7774072
393253083 -900391695
966559821 215328167
315777181 666537347
816228792 -920940073
429108612 201543486
565501947 476201276
463977678 915503784
291553032 -499469610
998550205 991153331
509933326 -384368053
634853788 976325631
538508531 295732686
493169796 839326563
82516558 690604510
567924286 -254649476
522755056 372727081
781591288 316170933
367199358 -975262440
42758382 298566224
5997801 335858256
968444540 506384042
576210813 679735839
738641922 -735717069
199905709 -751285997
339206585 530911669
657702867 -831533013
512404216 -299500172
439056566 456200808
958158872 440586863
385186864 -686938371
106285158 -336248619
974602982 159658330
499020453 -367281285
626737385 672504477
1257113 -733034570
128663910 -454562061
556980984 -859624044
361191714 -973644392
832881411 -257412309
86533549 28597078
745756758 532989999
517801635 548543848
867621791 -373796167
991138902 241309163
247059005 -996896052
7889914 576983794
605381887 710211502
97118930 -623368524
963032273 -510906145
963921133 527849769
106998721 -350985190
479336978 -262874433
788091752 -617141675
569914234 276548560
389743978 690777965
711485483 -213207628
842161048 -821628219
503787390 369086556
383229423 978393774
520416995 63548046
643627289 -920127180
747713435 178621175
921144602 662040150
13583249 756936038
55749920 87796357
875369503 -700571231
741488851 -319743033
597322639 -313470869
352704590 -238030725
629406481 218419057
859794074 -28492306
823636975 -887510534
144684753 868493422
743344214 330334618
117533662 470656133
299355362 -775939383
275770611 701366031
848189324 -252229964
320212739 -134992118
508541791 816126631
624689265 -900648495
145305048 17214518
366002402 179961674
324063346 -845231559
8705072 -57881883
565085302 354494141
830444849 758944086
273075527 -561886542
685628103 -20435080
199277481 293975619
921193805 -685762115
397588705 -477259468
578661354 -167624109
678737905 242124423
887327527 328555589
243115886 67209193
76824180 -16125358
843276821 -159367611
178841253 616886920
621224197 -344478567
291917708 70706156
885974943 -671655002
494565587 -581995564
993105434 78263215
217536383 762180730
815344285 739705186
928816741 -294851614
314053183 495337552
783249860 -983899928
620789462 -912736417
505232952 18797516
830867332 -644117814
793167902 677980224
930094806 -287416149
818160085 -253086678
596106648 353651921
