1000
733456748 -339435587
384029264 894758055
589309192 637673231
369682630 -404727525
379734557 207005870
257208472 -45049472
188901699 -179788049
495736579 -224463245
532280864 501785044
615385967 560734785
82933032 -333719168
40578768 739689124
551837861 -854323606
524333665 -629590713
282267205 -787962026
441630900 -608528166
214613387 819531451
763929208 425991545
661179610 175174616
54116200 -982446751
881463307 956809048
204508970 -887657983
355181654 54257680
584501076 -247387735
314826857 -242347531
293075886 -429056233
60961646 -369334253
252386795 -974674327
652275860 -107734559
751262756 -597106183
75788854 474559751
260238676 -114661920
561968634 -944347615
244872478 771469815
365213617 -68098602
230151951 823791671
118216446 -338844888
595061490 751362218
226800139 602701934
454478256 21877763
835643867 -957539515
764687857 840310194
933730138 -324834074
676814334 -609262521
192050181 600012547
180080276 -447372800
449810155 927838805
432517490 -989145408
810132165 -835611968
906459019 348927071
611658319 -132247436
888187207 -435834985
556096366 -415039580
426614992 -686199523
110068934 -353549574
241757016 642932227
901359725 712265190
902498783 -338107618
891894298 -825862706
211383904 -932143901
245492368 -724276467
487007574 -551480939
46874361 965583211
647108605 638786314
32661885 -560131136
465439021 -582835145
358305875 -486736778
277022997 -940602189
833056015 -289989839
806253664 856436615
894227805 221037390
252853295 759478200
938162907 252436136
683819618 783202465
885116429 542001240
562809977 -896880872
825626416 -23629482
508526379 -626632305
336901696 -420060400
758783031 -366151075
294815685 256937675
563859657 786041469
421902827 77279906
302750579 427920917
127615765 221998941
259514729 456001145
766713474 -718082536
295309889 -700866807
576799504 736009029
105989055 207233952
166136652 788682901
514896549 -705532411
240201195 190700546
828067765 901908920
441209756 285240042
491460631 579966074
306174807 647040742
620522559 493367647
266012816 31919628
655788433 -252647670
182866047 276665279
458277230 -867349664
962401167 952298
431933629 -833773782
936627851 283849160
191241055 780857045
42415773 28361921
44547652 -729029989
516612884 -66787752
873721730 -141175808
507937154 -335423685
654806857 147557164
142873406 -63190628
39113147 -500943821
994872112 -99673019
13699422 301134773
374546829 865264971
586845190 636717566
88254570 556834399
816214452 130634236
560992921 -372870451
843728379 506772426
442962199 -912504368
595170494 -419672475
890634974 904294043
263933683 159608199
550124956 744459248
374117005 552225537
607871595 -71642286
547922829 -556582952
270875855 174329753
241286321 -454421603
252980483 735507012
149103713 166231964
391965639 624497554
898428079 480020360
748997093 -876935411
422476384 708356739
944394146 106756279
523529717 -693117582
346626232 -364041516
353952496 -630732105
210153321 -65451835
953515771 216007536
951065974 35389728
547521086 -756018251
846092952 459022276
621622417 -604652259
341572379 -915859372
486881624 229804607
842986456 -243367407
98970236 -474070566
171027420 664704968
75046438 259359082
675347652 -602552057
801481469 -342934219
214210980 808678790
243437443 382506706
839481428 -932777910
734768375 -368626841
637960105 767233438
432475033 -424738834
349082951 -495637073
103403895 578317304
977365061 9475366
601838845 -381937026
169247718 26336715
44451263 -403921795
960802961 14451410
951178320 342519575
828402473 -686690943
117471965 322545452
388911041 224627971
343815020 -378432067
827666787 432354178
313981515 -341750160
379801767 -960007757
502011421 -724848127
728040401 -965405166
61108832 -954112506
205830555 -653854702
475045638 -818220209
548459877 727699231
860385416 -2801764
54252552 112973671
544052996 -796499491
59270510 869862476
93253144 -817288225
439099925 454919056
976635030 -126829443
951366351 997902039
302712429 112364371
249966278 50174977
770954841 -131992718
61893641 -441749539
390191709 -315602477
240446412 -161493046
330206437 952182155
126288074 903350073
554009306 298253598
587950037 722649839
409170538 -908911190
240470468 -645878948
297878391 61305827
391185078 75566727
697512593 183119669
351039354 -904081482
387980509 -957307839
602970595 -205699526
199707027 314812213
128781204 8689582
527797882 -220824484
217927919 -860264378
83720663 -478787963
855295934 477769979
974149733 54100612
860762605 -467261572
38260242 -489300825
308853821 -620314735
984942684 398512395
437085462 -566354111
17992897 707011248
843906826 317143098
87473150 120713439
856202098 501138819
622473066 -551294571
56284155 257053526
159828294 903675648
199148860 -119596172
916382882 -192817393
620736916 -227847239
261473546 305661724
268802930 853514648
57176344 637029870
832399682 861704840
94806259 415918948
23943073 -110882769
136140145 -592758984
730638477 930655926
640436145 -395462789
226336453 336258109
724515170 -927204501
81161838 755300891
747464308 -394563445
432590102 999740211
153696065 49581535
202314978 127884846
323380788 -215575438
930124283 677971771
728442792 -986411960
996342550 -656698785
983388084 -164062694
514689309 953935397
781019383 12162135
756896217 928456212
370115618 -288037657
625770550 105620713
636881574 915149183
977076636 281100349
344246017 -18694839
324440281 -81770024
123203643 -271878506
242090415 -444766364
373937954 262957328
133325007 390659705
143761016 63428895
354933955 -336168568
712910230 -542804816
917103293 -74495651
918623520 884994970
137806502 275476437
127913650 316087356
485076974 -670105873
319558468 513523386
858410609 396332571
432537778 -625469789
213342397 -658716981
97208945 -412193761
102793149 181759408
879525445 -293419580
734839773 -556092457
313326004 -700087932
138337455 -698513056
595436116 122881289
169596259 447138620
254140062 -902501075
665148178 154230257
438988777 -5832658
221653831 -318717694
325387511 525512574
955228122 -586430127
670119501 -772312032
46561470 -455039929
464957354 -898479194
328392827 747631198
116322932 901766144
277078213 773444892
434063292 -603893384
594735133 -124083374
648820783 -587121156
49869367 -706121126
555716474 -185475581
500462762 985885418
51406679 -588139690
319500568 782968689
419208621 -668551130
474639740 182414926
28508472 277109325
460335648 383223168
481475106 -641764725
16215098 347141196
515627474 673713062
212384594 -598715540
104418003 -991992952
944212733 450282232
109925501 -852104562
4535627 -761177466
752813252 -983047495
284952340 -445817054
746144339 693681938
288439957 578556948
944850762 -507697375
260152531 -884406657
249317639 -973144325
44093340 -514751455
122440770 621490694
991976017 692423281
341635758 -309615295
412549051 -698405474
292655104 880299370
223913223 719308287
464657276 196924941
227467826 586933924
930923914 -412698591
552345028 -758955804
908591039 51673449
34714510 466513621
448918991 -316229228
144739442 13480387
451462629 -983067001
495268252 -569128480
717707648 -784760798
595927501 -324238133
935358587 789123465
149534223 845631157
379932177 -370145430
64705643 392023158
968922470 240974415
390519296 580629973
42986765 86705016
903486500 927498433
269794584 -430859345
753641994 835633368
434380064 -913143092
439608305 715820047
779758749 -837910263
750775771 811395677
778378735 -842861874
962101267 863828117
206404182 -37642748
488751714 948435624
964690806 -176821272
434576010 -405567432
503830107 85680266
346718354 -215970712
106439559 -472645822
285351452 443987410
826411509 -754216121
927514158 -442088453
570679591 927222282
434789298 460828113
451865988 -333363494
505391868 -674925019
467607412 -385312678
341859001 93925310
980710598 409911116
239390473 -643205429
186983169 -190188484
686899701 -551834489
435994376 -451872866
799362019 -31507409
651938045 -65330963
988168663 -216813824
508103998 -157372330
659462871 -497715675
185113140 -852844036
857991719 67006217
766977674 -731808940
695695629 -629854714
881377875 -598351725
216779490 834652902
748888674 -128286191
75804216 -205560446
597531344 87501814
909814524 957665680
364211368 -564390495
994320147 -629328418
938585452 -965926650
634976620 368582082
396819251 -712105700
138318044 -67290232
686029730 588349457
987604725 -220274831
240056479 654130792
876299136 -408728617
331055669 673828877
516830364 306031951
627487591 223837161
375265151 -749474675
933312014 770191658
178477474 734003095
441929527 -350894025
370920549 -143023286
638097462 -637706507
324704285 -931756389
722198995 -615101751
385874912 -756407562
810812893 -969581761
502950854 779334134
535990664 156796513
587650160 -903625759
624927674 7458195
682302981 402347376
915966063 279043433
173461785 313704636
629529029 743277390
672414444 320367474
809363723 886013757
327925148 282280102
476478206 -177115478
3714617 -622874479
658765082 -822196755
633333427 -450895799
377458578 -993376617
331149808 643479651
122590933 -742630665
418648542 -744960177
335151900 -716324179
496608582 -934905952
838897852 -760497958
826611416 -859288986
896052040 335043077
519028883 76374766
813526876 415889025
518737431 -120753309
84279605 -856566348
834057422 -118789927
504129266 -672587959
63780541 -316585597
642596489 542003429
313246375 -584427298
182451177 -442908239
637336886 807642060
211024299 -60759918
956891491 -964925018
962562277 -815858019
468984607 -583389294
187311506 862895327
744652704 115585104
463122953 176685895
484264581 933860629
993243929 -630888941
36181962 141589223
46273424 269940675
571395176 426837064
363130645 160276467
352399224 257166380
636424286 678595500
419269240 -879839171
404883590 -89066197
460716735 615247472
976885013 -751387813
94340938 237519358
494376415 -675856568
757875406 820220598
483084473 633353761
416488066 283239824
218998034 185994484
890479283 320854119
989499859 776729285
589971888 -269403788
503892916 604180193
492855967 -581028384
993870152 -341504155
840461240 -96268728
860553829 165125879
198845575 526660786
888260904 520042751
254875555 -330281691
606648323 -814724955
578654704 41822356
350471406 3721484
549210146 -465821289
768900273 490875622
64654853 622189382
710910453 912296250
72131719 48625674
847223652 882359691
812033736 -127532307
640247918 396930802
23842468 -286305695
696702120 187186138
323667818 466925494
909628492 527489626
646685776 122931016
49264623 822504057
681557709 -346482894
342280538 -145928819
982461269 -902028915
386534336 576368697
204149086 -312770121
585149971 -842725650
964896953 -935530007
876372337 -105778479
19413118 178928136
151267605 -338151386
999403814 -823589604
781581062 645654376
974584073 846100660
97897511 380919669
783929862 -992487464
629321636 799451439
86419948 -652666101
353457236 -634952662
530193835 -582017205
841203003 246536234
740703098 67176382
123694084 325765165
326001693 233312332
444923975 -877288946
438776435 917832466
363633300 -216063814
985163435 -181817567
549196538 184432454
814505448 52710592
74312577 -312399832
770919516 186388971
287041513 790777360
926798137 643629421
831409051 719641319
223471486 820846511
627707161 -821856828
493257243 240441793
864598447 320352649
579661953 -646056447
404745776 672209973
680816616 698384678
223088396 882256375
923260475 850968399
321007111 244533040
97640022 432496159
387350089 936112580
478582279 -108960825
221525584 -305126367
630457567 -408598974
5513713 717038494
261398989 210771686
917658772 951037909
838867766 -458672172
259241135 -378459680
319201104 606839710
741981407 590534746
423143627 -480783617
665958997 -203229115
463188412 -701949661
629426249 164076291
800070600 787082418
945852952 829610579
248764618 458866824
521531728 -389335787
154380083 499242823
838501758 -31983286
508122334 281185192
90128074 -241495755
323521985 -278971469
504735726 290274039
66488099 -659088594
589327815 -35685186
709384921 20604604
968248667 651163132
273714462 810143381
573780076 -844461803
338156772 -377337208
464684581 -917237487
145829377 -264847878
275631870 -47743574
121684292 -267757266
189167037 -348843888
242670591 -888321881
677837216 247258637
3627539 -460824172
803925245 587876105
398441498 337712473
942490985 683863772
389161342 506058358
310224650 -841360097
543717079 -246790644
857160560 -729779660
303378432 -64011386
264105229 -203539201
735400572 33281775
650341890 521568436
460194518 277787310
340068135 -344163458
139089815 345225847
483632889 -844635279
21863837 472867984
484223005 -204005154
807420841 44127855
979635779 619254493
985145275 235443949
462117558 -71078281
385034801 221466375
875501252 -349674677
755047916 30710156
747928216 328600855
227928861 -850550011
712352972 218325510
102661800 -501315381
201470714 -535125794
388279977 -20124285
85352856 912624058
176232735 323016896
921957125 633985795
153726060 809418138
918460400 747411497
533536755 882644291
526714291 945486511
152138401 120757758
401196496 -671227867
337121603 -463413375
818510530 168549333
487172548 -845011112
42044533 -366947373
93010122 -983094619
848319335 -511801455
41446381 123176448
103257541 696455392
94307155 892623138
242458165 81537198
113983470 -615227048
283718714 427539920
496057994 368682143
191824316 71009858
892508200 -587620668
437880795 -474076553
639386521 331957876
296378772 -503440823
553245071 -700922496
630153687 -116123890
53718564 546462558
152025062 382340801
883940302 253532458
971522996 491637058
265711469 355802125
277379667 607029176
856587223 -583360237
652024668 -603395789
46889785 -599544923
564489717 726390503
537146273 656894765
179630405 -813831399
449360594 350908578
187094682 -328226997
214929806 619353549
591588317 261593341
798227041 93814329
302528572 593684448
843216662 -578364190
213831747 -422339329
309180968 67891676
899623289 -525768705
457632646 -58685374
101669035 -751491517
28641559 -795973923
19759371 -952590511
854874578 -153932512
735552628 184926762
39370470 248036207
420910044 -274410342
756081958 71214600
557642543 515225654
38132777 733654296
288832094 -493635217
672631323 -60621609
213030925 -263549191
394046660 272600846
106379157 618458830
837414162 624098744
649518774 267894285
457003085 580477069
60171087 451764809
796701134 -631342479
661589004 -544035479
903498886 -363607320
682577512 -139409817
784236119 752942987
871037761 105536963
911263586 128005978
847091493 -209310231
606036214 -351811490
525307999 -859142297
978654966 632229191
748502631 513103894
555126629 821266812
678130538 657767109
998141562 320629697
473997131 903650669
112631768 778141468
317975622 -482613878
443384235 -524156200
540525549 741997807
50574892 -708755316
643280800 -679833012
650655302 448068083
803523191 723757866
264934646 213745966
241158426 906977629
325688612 594300038
362731984 -39437428
488490459 -998563393
565751643 -804393348
438976873 763336384
726729809 -872446521
530467272 -315961430
420241363 -933318888
920921262 737304828
994830586 -561299187
400706858 675223379
409120648 8766616
583709806 156891684
1563318 673920482
668193062 695077068
105789262 398436547
982973669 299942133
807082947 975494045
549473017 950411597
237343198 -688931281
140295766 587665840
427649154 410965438
55765145 104434934
948649200 -129966205
133587869 134351967
797089698 501480838
552237192 413176073
740494381 863857157
448149945 996042157
189014678 -896390458
993976901 774486353
632905212 -392704060
977130927 -372692127
390793292 784282159
526742003 214886872
894871756 491132537
392783173 886739605
27237708 371423554
887092530 905309378
663567043 -155540257
49160120 -376320834
208849691 -356503886
931246310 482607341
500719370 11457738
49388903 -671761128
864456665 -233987754
157663974 -972069896
148238824 796708368
532479928 -477494713
515085226 -24128781
716430688 -491854641
758904324 455438674
170463847 90759742
727737572 52524023
692739815 717686495
231233577 144170126
812453626 -492747027
436265490 494378527
850736151 -170209525
446078944 -826273331
327286691 883411035
876664184 -195870664
366247028 57779399
701271296 341424766
296074015 -196924376
754058047 224845714
159601639 -786721746
147927392 -944474853
911638735 983577325
895057268 508976946
369203166 -892923014
404323552 -407791166
811671604 -347470355
25630307 -490917907
77428688 525087666
548882383 -8949287
304136031 258158294
797438634 511172119
521569556 -6341208
433592310 857280583
79959265 973526633
115733412 -369370735
73897610 -17893405
127322528 -753949193
903309481 -939529187
69049883 630145269
950223765 399392583
21392526 682812952
665920342 337978417
563774271 -794751569
186339152 507319540
764797429 921390363
868469517 90856160
565506128 -175733156
749903113 97526674
948267122 992475944
361558530 975496952
455669686 282533078
512736920 65714260
905982386 -588194315
153402028 -217043157
118890204 767176478
32012123 -543707782
628973382 -70560223
419173236 623832421
532653063 283401546
750659958 -95470864
950393146 -163735504
313202993 -237759172
101950461 545526793
432436998 -144838892
940208286 50127652
735664123 106327942
825082505 135787988
384704118 -10276459
991689369 953228548
725320858 992072310
850737774 -633122004
158163004 369381947
143868218 874008234
626662449 -490518734
415467059 -127423264
297094134 420265571
195521426 -549642562
454790879 81156090
76074567 250223950
248512357 492646265
872993153 532550823
669429681 886841114
738426220 -548185137
853540969 625812847
687990894 -724191981
686779638 -398304135
271689902 694577146
85424235 -53991805
443558055 76833941
559686748 -799523009
768754881 861193901
348800524 -626589911
594646943 540731281
752831719 880269881
847375296 401044530
415446573 -142926236
232572489 -251067785
733482197 -226773887
844852944 853818198
672924969 -385809953
561820956 144332014
640867225 -395062482
49890696 430150331
253287061 136885339
62143499 570647956
870799452 47224472
786738236 632034117
598938841 771593239
287749532 -695491533
652830229 -70587550
862186643 -980866140
444735886 -181216063
139833278 -36134195
280965466 581552420
715568100 -656951285
236170813 -702095795
319793837 -267834809
653118939 738190186
973719635 -848861478
460416584 491168174
913471114 -254429446
400840931 528254114
611542056 -913852740
861470366 780191515
840408545 -532829160
29155378 623919023
70693355 83888051
812445728 -339010855
123564481 345327108
57768442 100749542
69095451 865907956
291405830 963146511
299538091 187152570
785966923 -37892815
707564814 -235579211
399633260 -864253219
335212229 -710516394
918512941 -712438357
664246980 494098268
407368616 838239058
141738110 -427482424
871010211 356491750
263962219 -567164993
574851589 -853862433
713853902 601464042
646256608 937093573
468989654 798095636
486659720 236367381
380765212 517384658
38876570 -135051390
858282814 -201523856
57433976 -987589843
107989333 134180
412953405 202252384
824141584 380244637
939546152 -83836592
741037952 439206526
772184448 -78527250
591864055 324507344
798541400 -656322592
154492633 -214059207
625534565 -413045190
995417642 407498688
713516670 161944076
402958059 -999153022
182412635 763738598
706497244 812697189
408299751 671988903
283851992 -770486131
354336296 244020129
758414455 950836574
176959863 -337547507
962926828 -15120599
293987708 162983920
486036843 698189232
840572780 940132324
726654279 -518070702
883945641 -452834452
209145852 24485505
255865008 -198630893
134041008 534154844
94778171 478621615
626903591 927815100
312115594 -854180434
605956685 880304531
724139161 -798333312
43779639 -610015909
461561702 624261144
122602236 -159852123
953091917 918982521
699270060 -716591277
394694318 -23364132
762704616 -94040453
415585054 822914909
724422280 -498727149
175655558 575781604
838260703 -331438375
412230870 -391898953
859465204 -402784694
447043569 -645332298
672845248 -845244642
527653143 -93391085
131271807 -22298274
71963260 -660510255
985739788 -189337905
132989719 647592828
517553000 -704469971
659937413 -279301453
761037743 735146014
201130669 -271482309
748391436 161808800
172646013 333340259
848394317 304368148
394919501 -2911555
484794244 -9815318
82485074 -10980309
214085610 4197210
182454981 815053714
410861392 -139251618
243780631 -76164508
526283497 556644260
745265945 -284758895
612030576 391589355
930379320 -986383767
577196870 999852475
381741006 -210923238
551176816 -686234315
572241550 912222637
957214184 206408741
136023657 361909364
324473691 -441274544
44182557 -347688471
421951890 -443297166
262059327 -452601260
301054171 -117247973
