13
14
129 44 16 180 94 18 118 156 146 120 61 23 174 29
137 136 43 101 20 11 24 70 112 86 168 19 141 100
8 95 26 123 37 111 34 176 54 172 150 113 152 52
38 130 83 96 164 98 165 65 84 80 82 116 42 47
161 91 1 64 79 134 171 115 155 45 140 151 133 15
126 99 40 85 55 2 142 159 35 13 145 157 57 50
139 114 166 162 121 66 93 125 128 81 144 90 173 12
14 74 104 25 48 36 147 39 31 160 179 117 163 178
158 87 22 7 108 46 92 182 106 119 63 89 135 28
51 124 72 105 167 107 122 33 143 175 148 6 77 67
73 177 127 5 71 60 132 10 131 4 110 27 78 102
97 138 32 3 154 109 30 149 76 68 59 181 21 153
17 170 53 69 62 58 41 56 9 169 75 88 49 103
