64
27
306 1534 746 1622 1513 1188 1195 412 2 1438 10 1646 422 1172 427 837 1150 1540 1443 1231 1178 732 1187 240 1158 870 67
1246 1197 1565 1355 706 220 932 1018 427 121 835 1118 818 959 741 907 652 1257 516 553 686 1011 475 392 53 6 1012
1040 815 359 965 1058 805 1559 1273 1054 1499 1571 738 1272 90 785 153 1547 766 1040 352 1381 1429 768 1119 450 528 1512
540 546 457 577 810 1372 1073 882 692 1058 1043 965 1298 898 1599 1673 344 1652 1246 90 977 1465 455 901 1541 1109 835
1586 981 769 1179 286 768 183 510 838 954 171 299 9 193 172 1526 1159 258 462 1429 1059 865 736 1269 1136 986 1356
517 1551 626 1309 1078 1394 1194 64 1580 98 1388 549 1496 1122 747 1661 566 23 926 535 1017 934 1440 579 552 767 727
1351 914 69 1326 1699 596 1488 441 1612 629 512 1354 1312 1435 1226 392 1351 1263 588 408 1704 645 309 883 586 407 1497
517 1270 1646 377 1319 790 1638 912 796 187 552 173 761 129 50 1449 1719 108 188 1458 382 464 601 299 1056 926 25
403 1667 1622 1685 1682 1357 241 1298 1418 430 411 115 1621 1396 704 1080 439 1532 1694 1173 278 1632 1465 1604 977 166 879
964 914 1145 67 269 483 961 732 1091 732 839 1599 1150 1614 647 817 1482 1171 966 1514 442 1645 811 1050 1553 264 247
192 271 957 1188 1419 76 1152 1097 829 470 1147 1197 266 320 226 423 881 1292 1702 263 245 1437 501 1534 1622 1502 659
1487 1715 1594 18 714 744 1666 1308 1631 463 9 282 256 932 1017 1353 1236 736 1726 456 1453 1310 1264 1220 6 442 1317
856 1115 127 315 705 1374 1492 848 624 1333 1118 508 388 81 719 1355 1068 195 1048 1617 37 599 476 976 1200 190 1336
304 1097 434 391 583 655 540 1479 894 51 1271 468 862 616 1104 1433 212 147 1284 1714 437 361 1037 1633 1615 679 137
13 208 1692 28 391 315 1441 911 1062 1151 455 172 1008 1514 1178 1373 1613 290 565 157 287 1326 1668 1571 258 1214 571
904 1195 387 1593 831 248 873 955 604 909 1258 1631 952 776 1300 1159 1628 207 1727 129 47 1568 1372 853 83 276 1295
593 1248 1193 1567 1127 1452 1701 672 1644 363 154 416 74 63 529 994 513 830 474 1603 891 1452 1636 1174 944 1582 772
490 968 896 1154 1262 10 1030 1078 1072 979 136 89 532 1583 1285 518 294 1617 1540 837 1557 1082 244 33 408 581 807
270 579 405 1618 1518 871 947 1725 1446 43 444 1284 528 1405 1129 494 212 407 1013 1146 1627 1057 1292 855 597 351 399
278 1673 964 1022 252 77 1316 1461 1155 211 178 486 1465 1440 1450 422 1016 1224 903 1525 1170 160 1409 1555 410 98 284
80 617 514 1423 427 992 963 573 904 1119 1459 622 367 959 1239 1064 615 650 1577 1659 363 67 1652 811 129 540 716
1229 27 758 582 1248 778 1580 1310 278 210 1634 82 339 17 1185 1325 458 1025 716 783 272 862 1216 1123 1602 355 497
21 792 940 648 1095 1714 1332 26 638 307 791 1046 122 1073 741 246 1379 745 72 198 324 64 665 281 551 59 1044
462 734 445 1062 670 242 802 108 296 1430 1284 719 148 340 420 1302 607 1519 30 457 157 1506 1231 741 1632 442 207
1106 267 1671 1491 6 207 160 1402 1516 773 710 357 1218 1681 30 614 1180 527 535 392 1085 347 1260 864 1105 1472 1529
1661 941 905 1367 298 1153 345 169 87 903 714 388 346 5 1541 1068 358 679 526 1394 1552 36 1321 1209 926 619 1003
1129 490 495 1250 1396 521 1540 684 327 1601 42 51 879 1622 800 1075 1657 1466 1045 650 758 271 1232 1072 902 428 859
909 1707 1152 256 1718 330 1089 977 918 744 765 1263 1688 776 134 648 481 574 1183 1106 512 833 845 1567 261 278 252
1564 29 256 315 801 261 840 829 1236 35 624 1611 449 1558 1422 1515 441 504 1666 368 779 1211 1532 389 1194 879 1067
1083 1479 1544 1031 55 517 212 22 891 881 141 365 279 900 844 284 1728 119 708 1469 216 725 595 1576 656 1323 1210
651 1075 1146 632 386 555 302 543 1280 705 427 697 179 1113 396 1183 266 468 1704 1271 324 759 208 775 366 21 1115
431 1172 1297 81 1356 1164 1069 1149 709 1200 1062 1270 179 753 1490 952 343 1635 1692 936 351 819 1612 461 850 26 1532
399 215 310 1709 154 620 1062 69 34 96 1279 1121 591 242 190 916 649 1393 532 708 1690 796 1055 564 334 1330 189
451 535 68 1407 168 92 1122 1699 71 1167 1128 219 722 1199 264 639 806 1140 569 1430 744 476 687 150 1328 1542 572
1570 664 391 1703 1204 1392 496 709 251 1527 1532 1380 976 796 1102 141 1629 430 1345 207 1060 1536 979 1318 43 367 357
668 1301 1049 1297 729 1397 1675 147 1377 1136 84 480 822 1539 93 1655 1014 752 1235 967 575 351 1190 561 294 1543 845
1594 1268 819 1206 1407 504 793 938 511 865 1637 87 734 1464 1180 839 976 571 1582 228 253 275 1277 1084 1161 996 540
1389 1670 348 1143 987 801 1258 577 1266 1267 1190 1245 1225 198 327 664 1460 1366 346 1323 164 624 409 42 281 1724 1134
798 657 1264 351 1206 1252 745 1101 446 1176 1418 703 565 1024 271 1218 396 1275 951 446 135 524 764 602 700 1517 1202
339 1637 995 20 692 323 388 1602 282 1001 73 371 313 1336 752 1375 1219 964 552 174 1001 1588 1658 1323 779 960 322
639 1023 825 1286 467 620 672 402 1724 829 288 268 1577 952 50 1022 1415 50 637 631 21 925 1054 299 1169 129 1286
1606 978 509 674 206 1654 1265 81 1259 565 1170 449 209 1556 22 895 442 652 807 938 371 808 1575 783 646 279 43
485 301 1728 1119 1350 1317 1450 1145 353 1123 666 1665 538 921 559 1506 366 425 329 117 332 1321 605 177 501 464 362
501 1290 434 868 952 777 940 229 1609 306 34 1203 1261 1403 178 266 437 1290 785 1219 393 790 1009 986 1357 1401 1632
297 980 610 1041 1280 420 1585 817 121 450 1129 1539 1359 428 971 1333 64 1564 158 538 699 499 109 491 878 1559 1312
836 156 1151 1674 1144 455 1264 288 478 776 1182 1250 432 1444 442 959 1104 1081 1505 978 74 1563 257 591 470 760 1165
293 128 181 883 709 985 1442 1333 85 1122 40 203 876 1295 153 1696 1416 257 433 665 1574 152 1481 1207 725 25 938
544 1424 926 1540 1343 1321 158 805 614 744 1090 410 345 942 841 895 1678 1035 1114 1370 288 486 1216 1147 1094 774 1601
397 7 59 465 297 1182 1546 799 800 1364 1052 627 278 1362 895 1277 757 1569 1492 838 937 345 958 1719 371 1407 778
1270 1602 863 977 818 1655 900 576 4 295 1507 280 313 517 269 417 1256 1091 797 420 874 1024 1530 586 1639 1727 774
214 1656 1375 502 495 1257 1258 523 933 661 1052 754 1244 1267 435 968 1186 82 60 1538 1033 1423 470 270 883 476 1473
1052 1070 1181 1075 928 203 628 168 635 1029 1640 419 257 787 733 723 1324 406 1396 1218 278 136 1408 8 613 378 589
1291 1643 459 1486 74 1282 1555 1443 1002 1389 136 196 184 651 1199 1105 736 1309 320 1283 431 979 1134 900 1043 1458 1281
1300 1718 112 1536 789 334 656 548 554 365 1168 386 1536 949 827 1651 601 1270 1522 507 446 1299 549 1100 1341 1468 191
1116 1596 1306 1117 374 235 692 667 1207 1299 838 1686 27 2 1487 543 622 1601 561 1352 708 1318 1199 1673 445 952 836
1552 1004 590 477 980 1138 1615 1425 911 717 468 816 1533 1198 1495 1559 1545 1248 295 343 12 534 1192 1672 662 1069 1513
1099 909 465 637 713 1024 21 1254 1377 1015 681 34 403 1296 400 1351 482 497 142 62 116 154 285 993 1396 548 1569
1212 93 655 1414 1583 568 967 1538 255 1706 857 533 864 422 102 341 1540 275 1395 1106 1152 1530 343 1258 19 1352 208
1619 932 848 1024 567 780 415 63 607 214 93 1560 194 572 1559 354 765 1569 1266 1430 646 1500 835 352 1379 781 1444
116 1566 219 148 1028 239 622 177 350 181 411 1288 749 105 691 330 1020 1371 924 1452 1139 1100 1243 840 1497 1152 184
1240 136 1310 238 1400 1277 1627 1516 1092 544 224 614 861 977 920 121 105 902 472 1670 1633 1509 133 35 208 108 33
1298 940 110 877 961 417 95 751 405 635 1054 832 125 1357 1149 1383 1527 1191 1633 59 81 1600 1467 1679 440 1062 475
963 864 1047 1331 1461 1197 814 1363 354 1130 1262 606 368 554 1666 1017 451 1507 572 1085 365 1303 419 1065 1446 971 592
1069 286 1711 168 1371 822 553 562 1361 991 681 165 1361 1327 878 1043 402 1657 218 485 488 1218 621 1288 1326 1149 326
