27
64
399 1139 602 1417 1197 1134 660 813 615 952 231 25 1530 1689 246 1064 615 1694 621 451 403 228 1359 198 816 1318 196 563 1121 1342 1439 128 904 489 1005 108 729 1224 551 400 1662 1167 484 1652 824 1589 1057 1232 202 1248 759 882 1150 182 1050 1658 1633 1118 548 31 385 1562 1512 493
1062 412 844 915 848 999 659 981 685 72 1633 962 1374 1288 778 682 120 1538 1547 1033 1503 231 1564 747 529 1522 1281 995 1635 377 1623 1524 1669 1345 1121 1490 341 420 729 1563 1102 1127 1357 574 671 406 722 31 1264 139 1676 1453 1569 779 1682 1192 1017 604 1379 264 54 677 1084 69
1334 781 1725 1706 1082 1101 1667 1634 77 1251 805 1188 1228 1192 1148 846 438 648 1571 53 291 1649 1378 237 1107 1185 1343 1410 1050 1146 1321 1318 1197 314 1691 43 1631 693 1319 1124 390 225 13 1704 1002 1642 1529 281 124 898 619 492 1655 1514 926 1170 907 153 1449 125 1631 470 1270 1340
296 743 1046 1470 353 641 773 1192 124 887 1647 21 1108 1357 1672 1648 792 1618 318 1557 28 365 1571 1118 1570 602 987 855 11 1446 847 1323 473 275 1353 1556 638 801 932 632 11 1545 1688 229 812 1626 194 357 662 1659 1526 1329 1597 1077 948 1431 634 293 1130 561 566 1657 713 1098
1078 1162 11 1511 1376 745 483 460 404 1460 126 659 241 314 94 1402 1065 1329 1379 1049 67 313 1280 803 624 1209 1052 267 812 148 68 499 292 481 462 1257 646 915 658 1499 611 593 634 697 1196 813 440 411 1357 1728 1068 906 476 1438 821 1267 690 109 996 1124 551 1023 1007 999
1292 134 1328 1728 658 101 1512 1657 17 269 994 1032 668 1400 1316 925 158 1386 410 1448 731 213 1140 1227 965 951 870 1469 1410 418 160 291 1440 161 1440 144 880 169 1107 12 774 1274 1305 860 91 120 1678 1569 720 282 208 345 1641 579 375 216 127 1318 1501 1599 1130 1075 1072 134
1184 671 758 1528 1643 1556 311 1152 201 1449 1487 549 1062 1710 1036 1672 940 383 391 839 520 1423 987 1688 1143 1453 242 1374 955 488 1354 73 824 86 344 135 945 831 757 888 1512 752 1428 430 216 632 1564 1103 661 1211 92 1337 387 903 1686 852 254 1059 1027 1152 1562 1637 1309 1699
23 1724 1105 335 712 1727 891 525 1545 1338 1204 1252 888 1401 492 969 1703 1324 74 1124 120 1136 844 1095 123 1675 1635 838 328 243 984 1067 282 719 332 758 739 564 1250 855 864 454 884 1664 1354 1580 470 1508 189 1037 1620 212 152 1614 1722 625 1169 417 1015 1527 1576 1336 1406 1060
42 1437 716 511 1050 1198 781 1436 1166 137 702 819 347 202 1007 390 638 492 643 1389 1204 849 684 1264 949 409 1173 607 746 148 1024 1201 1526 865 689 1586 1009 879 605 635 946 1070 255 58 959 527 1534 306 342 1157 573 1327 167 370 1678 1169 1251 791 894 1568 96 1704 1099 952
1422 672 1128 898 360 704 1180 1250 1194 1347 561 628 1318 1089 1029 989 1519 121 1606 1539 493 9 1213 1199 934 17 314 1089 1150 1334 1346 938 1605 56 356 1004 1323 949 1258 959 464 787 444 1540 1707 1507 999 1450 1618 1527 1548 1277 1008 720 599 948 846 1690 861 1652 425 373 1018 750
80 1589 1605 783 200 795 542 1411 960 1271 768 702 490 113 1363 20 1268 1249 675 932 1185 1031 711 1378 236 85 1187 1300 921 152 241 271 1304 3 999 352 465 749 37 1640 1171 683 1608 1686 676 519 1481 789 14 952 86 122 612 1246 1364 881 542 1168 512 1550 1313 927 1609 393
1401 1308 466 725 1366 943 561 861 1164 1151 1509 1342 1080 1156 840 1582 1087 1453 522 514 125 57 1600 261 1713 1635 525 1280 1632 1614 396 667 1558 723 1018 171 687 1213 938 752 1076 1193 59 50 290 160 1035 1070 1134 1722 1585 191 1413 75 419 1502 612 353 1196 869 1364 1130 463 1674
484 503 1546 717 444 1305 230 602 664 1017 1424 1573 974 999 1500 473 402 1253 410 364 437 1551 1243 1296 1020 1558 1597 1050 1709 173 1577 1665 908 1472 1678 1247 281 1467 44 227 475 274 1168 386 665 1225 1374 1264 190 738 423 1179 576 1727 1066 81 1621 1601 587 869 246 393 9 863
419 297 1170 966 848 169 431 1006 724 54 1312 460 1479 1336 571 1350 1111 238 425 62 1283 1327 1386 819 764 727 249 1261 777 1704 865 743 757 1138 1534 1168 205 535 1512 1509 903 1475 914 1293 1231 727 1646 349 501 255 1544 1195 907 981 56 473 119 1611 1654 1060 1250 737 748 348
903 1238 1249 1459 770 839 1142 1544 283 1026 140 1254 1603 1559 572 1543 1435 1519 373 384 364 1102 940 633 1149 496 289 1196 1123 1230 1726 371 1290 1448 325 1296 954 806 1532 583 246 1636 1072 251 73 54 733 1277 422 534 1080 1534 646 1451 1360 411 1391 373 838 442 187 10 120 745
867 1230 570 776 912 1030 222 1320 24 882 434 310 811 123 526 384 796 1456 1544 1483 1252 1389 1384 1082 1123 943 750 37 122 710 514 1335 1590 267 1351 380 479 1598 1032 1320 51 1438 671 645 593 157 611 80 1390 1316 786 1388 81 316 1566 1318 995 212 395 712 262 646 370 1233
999 1071 1254 237 1201 1244 1636 95 1139 81 703 229 1330 1719 544 781 683 1251 867 1153 842 1370 557 1506 1129 1153 1207 17 507 1661 575 375 151 1297 397 1596 308 1562 75 1399 1625 191 890 174 1092 1313 589 133 1690 407 1388 722 1297 724 381 269 1116 1517 989 4 45 855 1281 1421
1427 523 1304 939 224 375 178 1054 1515 125 52 1346 83 40 879 1136 387 1373 597 761 1675 944 959 690 1049 633 1193 757 938 319 1601 540 1723 805 146 617 330 502 712 1458 320 1204 828 184 1432 421 235 130 1042 544 188 1467 491 60 483 1236 1286 50 1507 1260 650 797 75 275
1667 833 285 1196 855 883 61 4 3 1118 50 1247 1183 485 463 876 313 1024 543 1159 248 702 781 636 1088 678 543 1249 296 332 734 1369 1630 1536 702 16 1622 440 1344 35 1415 661 563 1164 1182 634 1172 800 437 1567 991 3 227 1680 279 660 630 568 291 1320 590 973 595 1399
1032 915 73 1235 1280 57 342 629 802 1243 982 1542 1138 1256 873 806 1130 84 470 8 1093 1158 324 134 1269 399 1044 1617 604 142 154 1277 1713 272 929 606 449 1646 1598 931 1128 1311 372 299 1229 803 1518 250 1613 1132 1308 765 212 857 1644 759 481 1488 98 1591 1051 397 1501 310
900 737 1535 663 110 889 399 1640 298 1055 226 1674 1511 1621 831 1053 442 1349 1084 1108 1047 320 986 1238 746 91 1570 325 428 902 891 1484 1179 1213 866 1350 428 712 116 394 454 1378 916 1090 839 1637 328 815 1415 423 1433 522 5 899 535 794 830 1069 658 1046 487 1686 1381 349
1433 684 1265 461 785 1108 140 1677 1180 572 488 316 1510 43 1453 1079 1249 585 1393 1404 530 1277 1724 1527 972 552 439 798 431 695 1087 1694 1336 1102 72 494 1682 836 235 506 1304 1525 1278 237 781 1135 1307 41 16 672 577 567 806 467 1527 828 733 659 828 1153 1550 823 660 82
536 68 694 1020 1081 1501 976 94 131 1137 443 1096 1088 1370 1384 1207 248 636 1679 339 323 1368 968 1679 802 759 1630 1214 1659 1130 39 301 1546 815 1481 943 759 1021 672 1350 448 1277 366 348 436 669 521 702 929 538 1068 539 335 1161 1607 980 830 778 355 722 1605 739 549 134
1709 648 1229 1639 775 1622 232 436 635 1580 1349 1387 884 175 1228 1016 1217 378 1403 1149 1309 493 114 852 1202 163 1119 1040 24 487 859 1058 1522 905 267 607 1050 167 689 300 48 548 998 775 854 275 64 1728 1425 1677 1233 1084 145 102 1063 9 1686 471 1156 870 106 1085 66 1166
313 82 975 672 507 1 212 562 367 1123 922 1111 1491 673 724 1119 637 58 25 884 1346 704 1154 803 83 1333 570 1582 1475 139 524 1293 971 30 1560 265 1499 1336 776 233 838 1312 1727 185 1536 786 942 1617 1342 1633 1494 503 922 1086 409 1555 1569 776 1499 1626 591 1032 1237 456
568 754 1631 662 594 1596 655 852 351 1370 1225 598 1125 394 1650 1659 1665 807 1322 356 1339 1255 292 96 899 1554 203 1161 281 460 677 1243 987 501 241 593 713 262 834 1681 1246 635 758 560 195 463 1063 279 285 1194 480 100 120 622 1241 1258 1408 1237 80 1617 1066 51 1427 33
459 1511 809 370 1663 293 1644 762 1595 1308 1617 638 615 406 1002 262 19 848 126 621 642 430 255 1415 213 328 577 828 1326 275 1394 1569 57 1366 1191 813 826 257 215 1136 1379 1705 1160 1654 100 1324 804 1319 1275 1246 318 173 137 1725 874 38 1347 1321 518 891 239 784 1088 18
