20385
82546
13124
00124
00123
00122
46288
19642
56515
00677
93112
27342
64891
21619
55785
63315
60878
00421
73574
56884
07934
54351
03888
95118
30476
07705
18984
87579
17686
47604
77477
96584
62642
16732
44676
15674
48267
32608
78704
04255
72688
60881
75589
37975
38985
39495
16351
06105
44540
94110
38994
77837
75586
10703
35374
80568
95733
30446
61422
14213
90387
29300
79356
83444
32603
04506
57140
14196
63657
60222
61291
40535
21121
48332
36573
74304
87343
13716
50845
45321
52860
36508
37717
48818
75376
09446
60650
02159
75168
88566
55485
68160
77756
34514
69402
91686
26965
24719
58838
47185
77710
68496
44236
30562
63908
89909
56534
98979
76540
01137
39820
97269
49996
72671
06334
11863
95601
34980
50699
48533
10172
71440
40438
38215
10208
57597
22776
80530
23635
20727
12321
33394
65871
71150
59631
08186
83804
39916
75105
19955
31208
46602
81206
22143
34728
69981
89396
35231
91285
19904
47652
93769
99999
